12/03/2018
18:42
\\ws7.lboro.ac.uk\WS-PVMAD\Data\J-V\Lewis\2018-03-12\box00107_A1_1.txt
Measurement Time (secs)		1.000000E+1
Number of Points		1.000000E+2
Fraction of points to  use in calculating rough parameters		5.000000E+0
Cell Area		2.500000E-1
Irradiance		1.000000E+3
Voltage Start (V) 		-2.000000E-1
Voltage Stop (V)		8.000000E-1
Current Compliance		1.500000E-2
4 Wire		1.000000E+0
Voltage Settling Tiime (ms)		1.000000E+1
Voc (V)		3.620816E-1
Jsc (mA/cm²)		-3.035221E+1
FF		6.197033E-1
Efficiency (%)		6.810523E+0
Isc (mA)		-7.588052E+0
Vmp (V)		2.645000E-1
Imp (mA)		-6.437168E+0
Pmp (W)		1.702631E-3
Rs (Ohms)		1.111142E-1
Rsh (Ohms)		1.645578E+4
IV Data
-2.0000000298E-1	-7.6578408480E-3
-1.8999999762E-1	-7.6588094234E-3
-1.8000000715E-1	-7.6584070921E-3
-1.6949999332E-1	-7.6559334993E-3
-1.5950000286E-1	-7.6562166214E-3
-1.4949999750E-1	-7.6561868191E-3
-1.3950000703E-1	-7.6484680176E-3
-1.2950000167E-1	-7.6400190592E-3
-1.1900000274E-1	-7.6350569725E-3
-1.0899999738E-1	-7.6355338097E-3
-9.8999999464E-2	-7.6345503330E-3
-8.9000001550E-2	-7.6324492693E-3
-7.9000003636E-2	-7.6293200254E-3
-6.8499997258E-2	-7.6265186071E-3
-5.8499999344E-2	-7.6222866774E-3
-4.8500001431E-2	-7.6175630093E-3
-3.8499999791E-2	-7.6086670160E-3
-2.8500000015E-2	-7.6002478600E-3
-1.7999999225E-2	-7.5954645872E-3
-8.0000003800E-3	-7.5905323029E-3
2.0000000950E-3	-7.5893253088E-3
1.2000000104E-2	-7.5831711292E-3
2.1999999881E-2	-7.5774192810E-3
3.2499998808E-2	-7.5767189264E-3
4.2500000447E-2	-7.5755119324E-3
5.2499998361E-2	-7.5691044331E-3
6.2500000000E-2	-7.5609236956E-3
7.2499997914E-2	-7.5525790453E-3
8.2999996841E-2	-7.5458288193E-3
9.3000002205E-2	-7.5353533030E-3
1.0300000012E-1	-7.5272917747E-3
1.1299999803E-1	-7.5204819441E-3
1.2300000340E-1	-7.5085759163E-3
1.3349999487E-1	-7.4982047081E-3
1.4350000024E-1	-7.4862092733E-3
1.5350000560E-1	-7.4664950371E-3
1.6349999607E-1	-7.4375569820E-3
1.7350000143E-1	-7.4000805616E-3
1.8400000036E-1	-7.3584616184E-3
1.9400000572E-1	-7.3141008615E-3
2.0399999619E-1	-7.2595477104E-3
2.1400000155E-1	-7.1890801191E-3
2.2400000691E-1	-7.0972442627E-3
2.3450000584E-1	-6.9807022810E-3
2.4449999630E-1	-6.8377107382E-3
2.5450000167E-1	-6.6598206758E-3
2.6449999213E-1	-6.4371675253E-3
2.7450001240E-1	-6.1569511890E-3
2.8499999642E-1	-5.8097094297E-3
2.9499998689E-1	-5.4019689560E-3
3.0500000715E-1	-4.9143135548E-3
3.1499999762E-1	-4.3338239193E-3
3.2550001144E-1	-3.6109387875E-3
3.3550000191E-1	-2.8168410063E-3
3.4549999237E-1	-1.9041597843E-3
3.5550001264E-1	-8.5048377514E-4
3.6550000310E-1	3.1083822250E-4
3.7599998713E-1	1.6596764326E-3
3.8600000739E-1	3.0621141195E-3
3.9599999785E-1	4.5797079802E-3
4.0599998832E-1	6.2092691660E-3
4.1600000858E-1	7.9793184996E-3
4.2649999261E-1	9.9187716842E-3
4.3650001287E-1	1.1858038604E-2
4.4650000334E-1	1.3886883855E-2
4.5649999380E-1	1.5000037849E-2
4.6650001407E-1	1.5000194311E-2
4.7699999809E-1	1.5000119805E-2
4.8699998856E-1	1.5000067651E-2
4.9700000882E-1	1.5000157058E-2
5.0700002909E-1	1.5000186861E-2
5.1700001955E-1	1.5000253916E-2
5.2749997377E-1	1.5000149608E-2
5.3750002384E-1	1.5000313520E-2
5.4750001431E-1	1.5000216663E-2
5.5750000477E-1	1.5000216663E-2
5.6749999523E-1	1.5000149608E-2
5.7800000906E-1	1.5000104904E-2
5.8799999952E-1	1.5000045300E-2
5.9799998999E-1	1.5000097454E-2
6.0799998045E-1	1.5000149608E-2
6.1799997091E-1	1.5000119805E-2
6.2849998474E-1	1.5000194311E-2
6.3849997520E-1	1.5000201762E-2
6.4850002527E-1	1.5000239015E-2
6.5850001574E-1	1.5000350773E-2
6.6850000620E-1	1.5000224113E-2
6.7900002003E-1	1.5000164509E-2
6.8900001049E-1	1.5000186861E-2
6.9900000095E-1	1.5000201762E-2
7.0899999142E-1	1.5000209212E-2
7.1899998188E-1	1.5000082552E-2
7.2949999571E-1	1.5000097454E-2
7.3949998617E-1	1.5000164509E-2
7.4949997663E-1	1.5000261366E-2
7.5950002670E-1	1.5000134706E-2
7.6950001717E-1	1.5000164509E-2
7.7999997139E-1	1.5000171959E-2
7.9000002146E-1	1.5000253916E-2
8.0000001192E-1	1.5000320971E-2

