12/03/2018
18:52
\\ws7.lboro.ac.uk\WS-PVMAD\Data\J-V\Lewis\2018-03-12\box00117_A1d_1.txt
Measurement Time (secs)		1.000000E+1
Number of Points		1.000000E+2
Fraction of points to  use in calculating rough parameters		5.000000E+0
Cell Area		2.500000E-1
Irradiance		1.000000E+3
Voltage Start (V) 		-2.000000E-1
Voltage Stop (V)		8.000000E-1
Current Compliance		1.500000E-2
4 Wire		1.000000E+0
Voltage Settling Tiime (ms)		1.000000E+1
Voc (V)		6.576320E-4
Jsc (mA/cm²)		-5.018712E-4
FF		4.695461E+0
Efficiency (%)		1.549721E-6
Isc (mA)		-1.254678E-4
Vmp (V)		2.000000E-3
Imp (mA)		1.937151E-4
Pmp (W)		3.874302E-10
Rs (Ohms)		1.909312E-4
Rsh (Ohms)		5.207829E+3
IV Data
-2.0000000298E-1	-3.7342309952E-5
-1.8999999762E-1	-3.5434961319E-5
-1.8000000715E-1	-3.3468008041E-5
-1.6949999332E-1	-3.1501054764E-5
-1.5950000286E-1	-2.9563903809E-5
-1.4949999750E-1	-2.7716159821E-5
-1.3950000703E-1	-2.5853514671E-5
-1.2950000167E-1	-2.3961067200E-5
-1.1900000274E-1	-2.2113323212E-5
-1.0899999738E-1	-2.0220875740E-5
-9.8999999464E-2	-1.8388032913E-5
-8.9000001550E-2	-1.6584992409E-5
-7.9000003636E-2	-1.4707446098E-5
-6.8499997258E-2	-1.2829899788E-5
-5.8499999344E-2	-1.1011958122E-5
-4.8500001431E-2	-9.1642141342E-6
-3.8499999791E-2	-7.3611736298E-6
-2.8500000015E-2	-5.3793191910E-6
-1.7999999225E-2	-3.5315752029E-6
-8.0000003800E-3	-1.6391277313E-6
2.0000000950E-3	1.9371509552E-7
1.2000000104E-2	2.1308660507E-6
2.1999999881E-2	4.1276216507E-6
3.2499998808E-2	6.3329935074E-6
4.2500000447E-2	8.3893537521E-6
5.2499998361E-2	1.0609626770E-5
6.2500000000E-2	1.2949109077E-5
7.2499997914E-2	1.5422701836E-5
8.2999996841E-2	1.8313527107E-5
9.3000002205E-2	2.1234154701E-5
1.0300000012E-1	2.4527311325E-5
1.1299999803E-1	2.8312206268E-5
1.2300000340E-1	3.2335519791E-5
1.3349999487E-1	3.7431716919E-5
1.4350000024E-1	4.3228268623E-5
1.5350000560E-1	5.0157308578E-5
1.6349999607E-1	5.8442354202E-5
1.7350000143E-1	6.8604946136E-5
1.8400000036E-1	8.1762671471E-5
1.9400000572E-1	9.7364187241E-5
2.0399999619E-1	1.1691451073E-4
2.1400000155E-1	1.4141201973E-4
2.2400000691E-1	1.7240643501E-4
2.3450000584E-1	2.1348893642E-4
2.4449999630E-1	2.6422739029E-4
2.5450000167E-1	3.2703578472E-4
2.6449999213E-1	4.0569901466E-4
2.7450001240E-1	5.0415098667E-4
2.8499999642E-1	6.3335895538E-4
2.9499998689E-1	7.8876316547E-4
3.0500000715E-1	9.7593665123E-4
3.1499999762E-1	1.2021213770E-3
3.2550001144E-1	1.4891773462E-3
3.3550000191E-1	1.8144249916E-3
3.4549999237E-1	2.1945238113E-3
3.5550001264E-1	2.6418417692E-3
3.6550000310E-1	3.1445771456E-3
3.7599998713E-1	3.7437826395E-3
3.8600000739E-1	4.3815821409E-3
3.9599999785E-1	5.0862878561E-3
4.0599998832E-1	5.8574676514E-3
4.1600000858E-1	6.7105591297E-3
4.2649999261E-1	7.6653212309E-3
4.3650001287E-1	8.6372345686E-3
4.4650000334E-1	9.6708610654E-3
4.5649999380E-1	1.0764442384E-2
4.6650001407E-1	1.1915713549E-2
4.7699999809E-1	1.3207413256E-2
4.8699998856E-1	1.4470696449E-2
4.9700000882E-1	1.5000224113E-2
5.0700002909E-1	1.5000373125E-2
5.1700001955E-1	1.5000380576E-2
5.2749997377E-1	1.5000335872E-2
5.3750002384E-1	1.5000261366E-2
5.4750001431E-1	1.5000201762E-2
5.5750000477E-1	1.5000179410E-2
5.6749999523E-1	1.5000201762E-2
5.7800000906E-1	1.5000276268E-2
5.8799999952E-1	1.5000320971E-2
5.9799998999E-1	1.5000328422E-2
6.0799998045E-1	1.5000380576E-2
6.1799997091E-1	1.5000469983E-2
6.2849998474E-1	1.5000395477E-2
6.3849997520E-1	1.5000388026E-2
6.4850002527E-1	1.5000373125E-2
6.5850001574E-1	1.5000261366E-2
6.6850000620E-1	1.5000268817E-2
6.7900002003E-1	1.5000157058E-2
6.8900001049E-1	1.5000149608E-2
6.9900000095E-1	1.5000320971E-2
7.0899999142E-1	1.5000335872E-2
7.1899998188E-1	1.5000283718E-2
7.2949999571E-1	1.5000358224E-2
7.3949998617E-1	1.5000343323E-2
7.4949997663E-1	1.5000447631E-2
7.5950002670E-1	1.5000291169E-2
7.6950001717E-1	1.5000320971E-2
7.7999997139E-1	1.5000335872E-2
7.9000002146E-1	1.5000313520E-2
8.0000001192E-1	1.5000358224E-2

